TRACK 520 480 5930 400
TRACK 6050 880 400 2160
TRACK 2080 2640 3970 400
TRACK 2080 3040 400 2870
TRACK 2320 5710 490 400
TRACK 2710 5940 840 400
TRACK 3520 5340 400 920
TRACK 3360 4760 400 660
TRACK 3150 4080 400 790
TRACK 3380 3950 990 400
TRACK 4210 4030 1690 400
TRACK 5590 4310 400 1310
TRACK 5200 5220 400 2020
TRACK 5370 6910 7450 400
TRACK 12420 4650 400 2660
TRACK 8030 4630 4580 400
TRACK 7940 3670 400 1110
TRACK 8050 2710 400 1120
TRACK 8300 2560 1250 400
TRACK 9290 2670 1410 400
TRACK 10510 2850 1890 400
TRACK 12280 2740 720 400
TRACK 12850 2490 1540 400
TRACK 13960 2140 2150 400
TRACK 15440 1370 400 770
TRACK 15480 1060 2710 400
TRACK 18140 1210 400 2780
TRACK 18380 3840 400 5520
TRACK 16650 8970 1860 400
TRACK 15540 8730 1300 400
TRACK 12620 8900 3070 400
TRACK 11000 8560 2200 400
TRACK 10900 8210 710 400
TRACK 10200 8200 710 400
TRACK 9500 8190 710 400
TRACK 8800 8180 710 400
TRACK 8100 8170 700 400
TRACK 7400 8160 700 400
TRACK 11610 8220 740 540
TRACK 12160 7970 1330 400
TRACK 13340 7680 1200 400
TRACK 14360 6650 400 1310
TRACK 14280 5040 400 1820
TRACK 14410 4780 1230 400
TRACK 15560 4930 400 670
TRACK 15720 5430 670 400
TRACK 16320 5250 490 400
TRACK 16690 3810 400 1770
TRACK 16940 2380 400 1540
TRACK 15880 2370 1100 400
TRACK 7380 8480 400 3450
TRACK 7190 11910 400 1250
TRACK 2980 13010 4330 400
TRACK 750 12870 2330 400
TRACK 750 11310 400 1560
TRACK 850 9880 400 1650
TRACK 1130 9670 1280 400
TRACK 2300 9480 400 400
TRACK 2510 8920 400 770
TRACK 2910 9080 1130 400
TRACK 2700 7840 400 1240
TRACK 3860 9300 400 1930
TRACK 4130 10910 680 400
TRACK 4760 9360 400 1890
TRACK 4910 9090 920 400
TRACK 5780 9340 400 570
TRACK 5870 9890 1510 400
TRACK 1390 7630 1450 400
TRACK 1190 6170 400 1530
TRACK 990 4460 400 1920
TRACK 780 3050 400 1550
TRACK 670 2230 400 990
TRACK 520 880 400 1640
VOID -600 -600 7320 820
VOID -600 220 960 14180
VOID 360 13760 20120 1240
VOID 8550 10150 11930 3610
VOID 8550 8960 2000 1190
VOID 19450 0 1030 10150
VOID 15170 0 4280 510
VOID 14780 0 390 930
VOID 6720 0 8060 1880
VOID 1410 1190 4250 1050
VOID 1410 2240 400 1620
VOID 1560 3730 400 2370
VOID 1740 6090 400 1040
VOID 2100 6460 3010 880
VOID 4170 4670 940 1790
VOID 3710 7340 1400 1330
VOID 4360 8670 320 2060
VOID 5000 7550 2250 1130
VOID 6420 8680 830 960
VOID 7250 7550 4760 530
VOID 11790 7480 1360 340
VOID 13030 7210 360 360
VOID 13250 3510 710 3830
VOID 8810 3510 4440 790
VOID 13960 3510 2080 790
VOID 16040 3250 490 1550
VOID 6720 1880 780 1260
VOID 2700 3140 4800 620
VOID 2700 3760 300 1190
VOID 6720 3760 780 1710
VOID 6720 5470 5160 1110
VOID 3050 9820 540 720
VOID 1740 10540 1850 990
VOID 1740 11530 1090 880
VOID 2830 11530 2360 1100
VOID 5540 10720 1220 1820
VOID 16310 1690 1680 520
VOID 17460 2210 530 3640
VOID 17130 5850 860 400
VOID 15210 6250 2780 2130
VOID 14500 8260 930 390
VOID 14900 8040 310 220
VOID 17130 8380 860 290